['Pikachu', ['ELECTRIC'], [35, 55, 40, 50, 50, 90], [0, 0, 0, 0, 0, 0]]
['Ditto', ['NORMAL'], [48, 48, 48, 48, 48, 48], [0, 0, 0, 0, 0, 0], [0, 0, 0, 0, 0, 0]]
['Zacian', ['FAIRY', 'STEEL'], [92, 170, 115, 80, 115, 148], [0, 0, 0, 0, 0, 0]]
['Zapdos', ['ELECTRIC', 'FLYING'], [90, 90, 85, 125, 90, 100], [0, 0, 0, 252, 4, 252]]
['Eternatus', ['POISON', 'DRAGON'], [140, 85, 95, 145, 95, 130], [0, 0, 0, 252, 4, 252]]
['Kyogre', ['WATER'], [100, 100, 90, 150, 140, 90], [0, 0, 0, 0, 0, 0]]
['Grimmsnarl', ['DARK', 'FAIRY'], [95, 120, 65, 95, 75, 60], [252, 0, 204, 0, 48, 4]]
['Yveltal', ['DARK', 'FLYING'], [126, 131, 95, 131, 98, 99], [0, 0, 4, 252, 0, 252]]
['Landorus-Therian', ['GROUND', 'FLYING'], [89, 145, 90, 105, 80, 91], [4, 252, 0, 0, 0, 252]]
['Buzzwole', ['BUG', 'FIGHTING'], [107, 139, 139, 53, 53, 79], [0, 0, 0, 0, 0, 0]]
['Flygon', ['GROUND', 'DRAGON'], [80, 100, 80, 80, 80, 100], [0, 0, 0, 0, 0, 0]]
['Dragapult', ['DRAGON', 'GHOST'], [88, 120, 75, 100, 75, 142], [0, 0, 0, 252, 4, 252]]
['Gothitelle', ['PSYCHIC'], [70, 55, 95, 95, 110, 65], [0, 0, 0, 0, 0, 0]]
['Shedinja', ['BUG', 'GHOST', 'KRASS'], [1, 90, 45, 30, 30, 40], [0, 252, 0, 0, 0, 252]]
['Regieleki', ['ELECTRIC'], [80, 100, 50, 100, 50, 200], [0, 0, 0, 0, 0, 0]]
['Rillaboom', ['GRASS'], [100, 125, 90, 60, 70, 85], [0, 0, 0, 0, 0, 0]]
['Calyrex-Ice', ['PSYCHIC', 'ICE'], [100, 165, 150, 85, 130, 50], [0, 0, 0, 0, 0, 0]]
['Dragonite', ['DRAGON', 'FLYING'], [91, 134, 95, 100, 100, 80], [0, 0, 0, 0, 0, 0]]
['Darmanitan', ['FIRE'], [105, 140, 55, 30, 55, 95], [0, 0, 0, 0, 0, 0]]
['Galvantula', ['BUG', 'ELECTRIC'], [70, 77, 60, 97, 60, 108], [0, 0, 0, 0, 0, 0]]
['Necrozma-Dusk Mane', ['PSYCHIC', 'STEEL'], [97, 157, 127, 113, 109, 77], [252, 0, 140, 0, 0, 116]]
['Urshifu', ['FIGHTING', 'DARK'], [100, 130, 100, 63, 60, 97], [0, 252, 0, 0, 4, 252]]
['Pheromosa', ['BUG', 'FIGHTING'], [71, 137, 37, 137, 37, 151], [4, 252, 0, 0, 0, 252]]
['Thundurus', ['ELECTRIC', 'FLYING'], [79, 115, 70, 125, 80, 111], [0, 0, 0, 0, 0, 0]]
['Porygon2', ['NORMAL'], [85, 80, 90, 105, 95, 60], [244, 0, 252, 0, 12, 0]]
['Reshiram', ['DRAGON', 'FIRE'], [100, 120, 100, 150, 120, 90], [0, 0, 0, 0, 0, 0]]
['Necrozma-Dawn Wings', ['PSYCHIC', 'GHOST'], [97, 113, 109, 157, 127, 77], [0, 0, 0, 0, 0, 0]]
['Quagsire', ['WATER', 'GROUND'], [95, 85, 85, 65, 65, 35], [252, 0, 252, 0, 4, 0]]
['Charizard', ['FIRE', 'FLYING'], [78, 84, 78, 109, 85, 100], [0, 0, 0, 0, 0, 0]]
['Calyrex-Shadow', ['PSYCHIC', 'GHOST'], [100, 85, 80, 165, 100, 150], [0, 0, 4, 252, 0, 252]]
['Cinderace', ['FIRE'], [80, 116, 75, 65, 75, 119], [0, 252, 0, 0, 4, 252]]
['Tyranitar', ['ROCK', 'DARK'], [100, 134, 110, 95, 100, 61], [0, 0, 0, 0, 0, 0]]
['Xerneas', ['FAIRY'], [126, 131, 95, 131, 98, 99], [252, 0, 196, 0, 0, 60]]
['Appletun', ['GRASS', 'DRAGON'], [110, 85, 80, 100, 80, 30], [0, 0, 0, 0, 0, 0]]
['Haxorus', ['DRAGON'], [76, 147, 90, 60, 70, 97], [0, 0, 0, 0, 0, 0]]
['Bulbasaur', ['GRASS', 'POISON'], [45, 49, 49, 65, 65, 45], [0, 0, 0, 0, 0, 0]]
['Ivysaur', ['GRASS', 'POISON'], [60, 62, 63, 80, 80, 60], [0, 0, 0, 0, 0, 0]]
['Venusaur', ['GRASS', 'POISON'], [80, 82, 83, 100, 100, 80], [0, 0, 0, 0, 0, 0]]
['Charmander', ['FIRE'], [39, 52, 43, 60, 50, 65], [0, 0, 0, 0, 0, 0]]
['Zekrom', ['DRAGON', 'ELECTRIC'], [100, 150, 120, 120, 100, 90], [0, 0, 0, 0, 0, 0]]
['Latios', ['DRAGON', 'PSYCHIC'], [80, 90, 80, 130, 110, 110], [0, 0, 0, 0, 0, 0]]
['Ho-Oh', ['FIRE', 'FLYING'], [106, 130, 90, 110, 154, 90], [252, 0, 12, 12, 4, 228]]
['Dracozolt', ['ELECTRIC', 'DRAGON'], [90, 100, 90, 80, 70, 75], [0, 0, 0, 0, 0, 0]]
['Chansey', ['NORMAL'], [250, 5, 5, 35, 105, 50], [252, 0, 252, 0, 4, 0]]
['Seismitoad', ['WATER', 'GROUND'], [105, 85, 75, 85, 75, 74], [4, 252, 0, 0, 0, 252]]
['Gastrodon', ['WATER', 'GROUND'], [111, 83, 68, 92, 82, 39], [244, 0, 108, 0, 156, 0]]
['Hippowdon', ['GROUND'], [108, 112, 118, 68, 72, 47], [252, 0, 252, 0, 4, 0]]
['Mimikyu', ['GHOST', 'FAIRY'], [55, 90, 80, 50, 105, 96], [4, 252, 0, 0, 0, 252]]
['Celesteela', ['STEEL', 'FLYING'], [97, 101, 103, 107, 101, 61], [4, 0, 0, 252, 0, 252]]
['Ferrothorn', ['GRASS', 'STEEL'], [74, 94, 131, 54, 116, 20], [252, 0, 252, 0, 4, 0]]
['Dialga', ['STEEL', 'DRAGON'], [100, 120, 120, 150, 100, 90], [60, 0, 0, 236, 0, 212]]
['Umbreon', ['DARK'], [95, 65, 110, 60, 130, 65], [252, 0, 4, 0, 252, 0]]
['Tapu Fini', ['WATER', 'FAIRY'], [70, 75, 115, 95, 130, 85], [4, 0, 0, 252, 0, 252]]
['Mamoswine', ['ICE', 'GROUND'], [110, 130, 80, 70, 60, 80], [0, 252, 4, 0, 0, 252]]
['Zygarde', ['DRAGON', 'GROUND'], [108, 100, 121, 81, 95, 95], [236, 0, 0, 0, 132, 140]]
['Dracovish', ['WATER', 'DRAGON'], [90, 90, 100, 70, 80, 75], [0, 252, 4, 0, 0, 252]]
['Drapion', ['POISON', 'DARK'], [70, 90, 110, 60, 75, 95], [0, 0, 0, 0, 0, 0]]
['Kartana', ['GRASS', 'STEEL'], [59, 181, 131, 59, 31, 109], [0, 0, 0, 0, 0, 0]]
['Cresselia', ['PSYCHIC'], [120, 70, 120, 75, 130, 85], [0, 0, 0, 0, 0, 0]]
['Liepard', ['DARK'], [64, 88, 50, 88, 50, 106], [0, 0, 0, 0, 0, 0]]
['Toxtricity', ['ELECTRIC', 'POISON'], [75, 98, 70, 114, 70, 75], [0, 0, 0, 0, 0, 0]]
['Incineroar', ['FIRE', 'DARK'], [95, 115, 90, 80, 90, 60], [0, 0, 0, 0, 0, 0]]
['Torkoal', ['FIRE'], [70, 85, 140, 85, 70, 20], [0, 0, 0, 0, 0, 0]]
['Hatterene', ['PSYCHIC', 'FAIRY'], [57, 90, 95, 136, 103, 29], [0, 0, 0, 0, 0, 0]]
['Regigigas', ['NORMAL'], [110, 160, 110, 80, 110, 100], [0, 0, 0, 0, 0, 0]]
['Corviknight', ['FLYING', 'STEEL'], [98, 87, 105, 53, 85, 67], [0, 0, 0, 0, 0, 0]]
['Ninetales', ['FIRE'], [73, 76, 75, 81, 100, 100], [0, 0, 0, 0, 0, 0]]
['Bellossom', ['GRASS'], [75, 80, 85, 90, 100, 50], [0, 0, 0, 0, 0, 0]]
['Emolga', ['FLYING', 'ELECTRIC'], [55, 75, 60, 75, 60, 103], [0, 0, 0, 0, 0, 0]]
['Lapras', ['WATER', 'ICE'], [130, 85, 80, 85, 95, 60], [0, 0, 0, 0, 0, 0]]
['Aggron', ['STEEL', 'ROCK'], [70, 110, 180, 60, 60, 50], [0, 0, 0, 0, 0, 0]]
['Glastrier', ['ICE'], [100, 145, 130, 65, 110, 30], [0, 0, 0, 0, 0, 0]]
['Bisharp', ['DARK', 'STEEL'], [65, 125, 100, 60, 70, 70], [0, 0, 0, 0, 0, 0]]
['Milotic', ['WATER'], [95, 60, 79, 100, 125, 81], [0, 0, 0, 0, 0, 0]]
['Electivire', ['ELECTRIC'], [75, 123, 67, 95, 85, 95], [0, 0, 0, 0, 0, 0]]
['Heatran', ['FIRE', 'STEEL'], [91, 90, 106, 130, 106, 77], [0, 0, 0, 0, 0, 0]]
['Ludicolo', ['WATER', 'GRASS'], [80, 70, 70, 90, 100, 70], [0, 0, 0, 0, 0, 0]]
['Clefable', ['FAIRY'], [95, 70, 73, 85, 90, 60], [0, 0, 0, 0, 0, 0]]
['Thundurus-Therian', ['ELECTRIC', 'FLYING'], [79, 105, 70, 145, 80, 101], [0, 0, 0, 0, 0, 0]]
['Toxapex', ['POISON', 'WATER'], [50, 63, 152, 53, 142, 35], [252, 0, 252, 0, 4, 0]]
['Darmanitan-Galar', ['ICE'], [105, 30, 105, 140, 105, 55], [0, 0, 0, 0, 0, 0]]
['Tapu Koko', ['ELECTRIC', 'FAIRY'], [70, 115, 85, 95, 75, 130], [0, 0, 0, 0, 0, 0]]
['Sylveon', ['FAIRY'], [95, 65, 65, 110, 130, 60], [0, 0, 0, 0, 0, 0]]
['Blacephalon', ['FIRE', 'GHOST'], [53, 127, 53, 151, 79, 107], [0, 0, 0, 0, 0, 0]]
['Amoonguss', ['GRASS', 'POISON'], [114, 85, 70, 85, 80, 30], [0, 0, 0, 0, 0, 0]]
['Octillery', ['WATER'], [75, 105, 75, 105, 75, 45], [0, 0, 0, 0, 0, 0]]
['Salamence', ['DRAGON', 'FLYING'], [95, 135, 80, 110, 80, 100], [0, 0, 0, 0, 0, 0]]
['Alcremie', ['FAIRY'], [65, 60, 75, 110, 121, 64], [0, 0, 0, 0, 0, 0]]
['Blastoise', ['WATER'], [79, 83, 100, 85, 105, 78], [0, 0, 0, 0, 0, 0]]
['Kyurem-White', ['DRAGON', 'ICE'], [125, 120, 90, 170, 100, 95], [0, 0, 0, 0, 0, 0]]
['Charjabug', ['BUG', 'ELECTRIC'], [57, 82, 95, 55, 75, 36], [0, 0, 0, 0, 0, 0]]
['Groudon', ['GROUND'], [100, 150, 140, 100, 90, 90], [0, 0, 0, 0, 0, 0]]
['Tangrowth', ['GRASS'], [100, 100, 125, 110, 50, 50], [0, 0, 0, 0, 0, 0]]
['Nihilego', ['ROCK', 'POISON'], [109, 53, 47, 127, 131, 103], [0, 0, 0, 0, 0, 0]]
['Gyarados', ['WATER', 'FLYING'], [95, 125, 79, 60, 100, 81], [0, 0, 0, 0, 0, 0]]
['Spectrier', ['GHOST'], [100, 65, 60, 145, 80, 130], [0, 0, 0, 0, 0, 0]]
['Registeel', ['STEEL'], [80, 75, 150, 75, 150, 50], [0, 0, 0, 0, 0, 0]]
['Goodra', ['DRAGON'], [90, 100, 70, 110, 150, 80], [0, 0, 0, 0, 0, 0]]
['Togekiss', ['FAIRY', 'FLYING'], [85, 50, 95, 120, 115, 80], [0, 0, 0, 0, 0, 0]]
['Scolipede', ['BUG', 'POISON'], [60, 100, 89, 55, 69, 112], [0, 0, 0, 0, 0, 0]]
['Blissey', ['NORMAL'], [255, 10, 10, 75, 135, 55], [0, 0, 0, 0, 0, 0]]
['Aron', ['STEEL', 'ROCK'], [50, 70, 100, 40, 40, 30], [0, 0, 0, 0, 36]]
['Hitmonlee', ['FIGHTING'], [50, 120, 53, 35, 110, 87], [0, 252, 0, 4, 0, 252]]
['Skarmory', ['STEEL', 'FLYING'], [65, 80, 140, 40, 70, 70], [0, 0, 0, 0, 0, 0]]
['Mew', ['PSYCHIC'], [100, 100, 100, 100, 100, 100], [0, 0, 0, 0, 0, 0]]
['Volcarona', ['BUG', 'FIRE'], [85, 60, 65, 135, 105, 100], [0, 0, 0, 0, 0, 0]]
['Excadrill', ['GROUND', 'STEEL'], [110, 135, 60, 50, 65, 88], [0, 0, 0, 0, 0, 0]]
['Jirachi', ['STEEL', 'PSYCHIC'], [100, 100, 100, 100, 100, 100], [0, 0, 0, 0, 0, 0]]
['Slowbro-Galar', ['POISON', 'PSYCHIC'], [95, 100, 95, 100, 70, 30], [0, 0, 0, 0, 0, 0]]
['Espeon', ['PSYCHIC'], [65, 65, 60, 130, 95, 110], [0, 0, 0, 0, 0, 0]]
['Vaporeon', ['WATER'], [130, 65, 60, 110, 95, 65], [0, 0, 0, 0, 0, 0]]
['Leafeon', ['GRASS'], [65, 110, 130, 60, 65, 95], [0, 0, 0, 0, 0, 0]]
['Jolteon', ['ELECTRIC'], [65, 65, 60, 110, 95, 130], [0, 0, 0, 0, 0, 0]]
